time,x,y,z,phi,theta,psi,x_velocity,y_velocity,z_velocity,phi_velocity,theta_velocity,psi_velocity,rotor_speed1,rotor_speed2,rotor_speed3,rotor_speed4
0.06,-2.17803101156e-07,-4.50513969287e-08,15.0020100573,6.2828472859,0.000226576751563,0.0,-1.91423322727e-05,-1.45635786195e-05,0.0669997188088,-0.0203537531196,0.0104237831197,0.0,425.34408578577734,426.2356269044271,427.6795360011685,425.9428127136684
0.12000000000000001,-8.88105611619e-06,-1.33176611349e-05,15.0104990948,6.28171649352,0.000527379666249,0.0,-0.000323639186972,-0.000556169063073,0.215950882257,-0.0159909487157,-0.00892929422299,0.0,453.25113140735874,451.6933220056941,451.7050788338951,452.0567617249666
0.18,-3.9424153163e-05,-8.94865515355e-05,15.0317225498,6.28054256301,6.28277869731,0.0,-0.000607147639696,-0.00211768707616,0.491419502692,-0.0278948621909,-0.0341338859303,0.0,490.47765716290866,488.6025561239988,489.90075953301783,489.01504773863826
0.23999999999999996,-6.14576811239e-05,-0.000270640127753,15.0618503503,6.27876679948,6.28071003477,0.0,5.8695855235e-05,-0.00407638683995,0.512830252433,-0.033235508941,-0.0351742216424,0.0,411.3266512691818,411.23392031599104,411.9006191171339,411.42776380979313
0.3,1.53886613726e-05,-0.000637371059096,15.1006321562,6.27726850472,6.27880046295,0.0,0.00275623652072,-0.00836387961638,0.779750996114,-0.0121504470758,-0.02585503776,0.0,486.5245526178412,487.2214007928593,486.9558411595127,488.5302185713347
0.36000000000000004,0.000293693888882,-0.00128559666141,15.1539434891,6.27618034956,6.27731126784,0.0,0.00670123515909,-0.0133463002297,0.997127551199,-0.03413248546,-0.0228263725009,0.0,473.3253185618582,473.55825771870656,474.0602463981378,472.36838486809
0.4200000000000001,0.000806482548506,-0.00221968394165,15.2141772888,6.27424032987,6.27591120055,0.0,0.0105151599015,-0.0179675221063,1.01065160598,-0.0289596909116,-0.0243703611104,0.0,409.94481450506805,409.80750959112123,409.05456447176516,409.51439953743983
0.48000000000000015,0.00163633701692,-0.00354202509327,15.2835606886,6.27278350733,6.27465787409,0.0,0.017320409337,-0.0263142401323,1.30183983233,-0.0162655989079,-0.0147047108014,0.0,495.02951240847307,495.74020940041,493.9546372186844,494.8897283322536
0.5400000000000001,0.00289829731865,-0.00539118538814,15.3696287893,6.27232221315,6.27349876862,0.0,0.0248684317847,-0.0354068726945,1.56677009528,0.00551388162831,-0.0306687613872,0.0,487.97275817610716,486.7797694690438,487.99925551732616,489.6222126277877
0.6000000000000002,0.00460718927005,-0.00774903530387,15.4675911978,6.27223092494,6.27131204709,0.0,0.0323036295408,-0.0431667147731,1.69845485299,-0.0218185195417,-0.0516709045728,0.0,449.64209651426137,447.93686791440985,450.8424145170399,448.62881759010645
0.6600000000000003,0.00682922444914,-0.0105945078653,15.5746607219,6.27100292561,6.26772086524,0.0,0.0421265770647,-0.0518221008314,1.87025740701,-0.0178916590632,-0.0860638350663,0.0,462.90477799349685,460.18775772422487,462.13944262783986,462.44887291471304
0.7200000000000003,0.0096858881795,-0.013951069213,15.6892503376,6.27058087825,6.26230777542,0.0,0.0536147178773,-0.0601297018091,1.94925447212,0.00876130381815,-0.100180795473,0.0,433.91963330840207,432.72582069821493,432.9084943872247,435.1453341474947
0.7800000000000004,0.0134321137156,-0.0178614441571,15.8127282396,6.27097218545,6.2576095535,0.0,0.0718677205019,-0.0701560452153,2.16627606913,0.00161724675147,-0.053067387842,0.0,474.90671158348385,478.5011097614251,475.99159898768175,475.44449449822514
0.8400000000000004,0.0183608601981,-0.0223575768511,15.948605403,6.2715295382,6.25418615139,0.0,0.0927958999195,-0.0796685744088,2.36256723374,0.021379046774,-0.0665453917803,0.0,471.751716961143,470.70780493444596,469.8846498843169,471.41398259079654
0.9000000000000005,0.0245227776192,-0.0273660381591,16.0926919386,6.27240013227,6.25063428255,0.0,0.112965635106,-0.0871663671015,2.44014340745,-0.00504787869003,-0.0475235598031,0.0,434.40409829223495,435.9935287504928,436.46421927113147,434.25306217732066
0.9600000000000005,0.0320263887104,-0.0328339347947,16.2433700179,6.27173792479,6.2475057946,0.0,0.137465422599,-0.0951413192504,2.58213594166,-0.0270476227138,-0.0635004349748,0.0,456.2585580292521,454.97947103710555,456.8659688499223,455.1086464743236
1.0200000000000005,0.0410322621049,-0.0387870403945,16.4014679521,6.27034961547,6.24386070422,0.0,0.163103844215,-0.10344632163,2.68753436057,-0.0162861343149,-0.0557558028331,0.0,444.3962266995236,445.02794020670234,445.1901636209524,446.0697540811421
1.0800000000000005,0.0515657684332,-0.0452373598121,16.5637631349,6.26892606726,6.24056338527,0.0,0.18831588523,-0.111667241779,2.72220594465,-0.0459207029763,-0.053401173304,0.0,422.62385118780065,422.82455509793596,424.5774412398033,422.0270271969978
1.1400000000000006,0.0639787242463,-0.0523181456571,16.7352037295,6.26577184136,6.23741320153,0.0,0.225823387558,-0.124717375387,2.99178658254,-0.0711806142225,-0.0507653823895,0.0,494.46306348203234,494.6557083048097,495.6954553493723,493.83406572427725
1.2000000000000006,0.0784742458083,-0.0601729265561,16.9174615325,6.26109713601,6.23396735572,0.0,0.257670024731,-0.137548661025,3.08320165503,-0.0968577412867,-0.0761049626571,0.0,445.09913290742503,443.0179529784282,443.09255082413523,440.9713389192374
1.2600000000000007,0.0949089112298,-0.0688772247537,17.1042666764,6.25509659984,6.23011639996,0.0,0.290540720615,-0.15315671445,3.14343101155,-0.107196547588,-0.0472742527066,0.0,432.5462309509757,434.96400676302613,434.1067402329566,433.22932810204077
1.3200000000000007,0.113526210225,-0.0787139252529,17.297307691,6.24849268196,6.22745596812,0.0,0.330311075852,-0.175429802216,3.29080923411,-0.116521972949,-0.0390397946287,0.0,460.93270157375036,461.5819508440399,461.84191468392845,461.0955138041756
1.3800000000000008,0.134501575796,-0.0899814810948,17.4976954129,6.24134192438,6.22592000994,0.0,0.369038101023,-0.200862237723,3.38844862289,-0.12510182676,-0.00718028683007,0.0,445.55548996640846,448.15240262914085,447.53562447909,446.82395698517433
1.4400000000000008,0.157751774463,-0.102868461608,17.7026471222,6.23355272746,6.22538789553,0.0,0.406001796291,-0.229422510126,3.44306537092,-0.141479790751,-0.0124791742031,0.0,434.8177312563825,434.3736897979752,434.2309240831767,432.8386191990159
1.5000000000000009,0.183422985112,-0.117792470282,17.9141794958,6.22506278884,6.22426331692,0.0,0.449771807056,-0.26896380711,3.60743769699,-0.141537332837,-0.0358023757758,0.0,469.2738372331623,467.4598464594607,468.7845497335676,468.7625793300381
1.560000000000001,0.21155719302,-0.135085891392,18.1323008278,6.21656563267,6.22206936411,0.0,0.48822837447,-0.308281699075,3.66301669192,-0.141783455205,-0.0381379825999,0.0,435.5283714345983,435.3323287104906,436.7888107554521,436.7492243602908
1.620000000000001,0.24206019064,-0.15492365686,18.3540521441,6.20790047689,6.21984545457,0.0,0.528739753529,-0.353791472699,3.72838919641,-0.150286622158,-0.0350019651528,0.0,439.99267141126563,440.2515835066952,439.8419208439239,439.1172762048277
1.680000000000001,0.27523635302,-0.177904212566,18.5828348643,6.19915026822,6.217673799,0.0,0.577331101515,-0.413175147985,3.89701817163,-0.138170315227,-0.0386917472021,0.0,471.84863343054786,471.56317244134283,472.30796003727176,473.2229410092397
1.740000000000001,0.311211871993,-0.204429146739,18.8192142712,6.19087165139,6.21532717019,0.0,0.622061104483,-0.471786884635,3.98188297839,-0.137593422088,-0.0399611587969,0.0,447.61846906450495,447.5143958107748,448.56974775446065,448.59914853484344
1.8000000000000012,0.349921383348,-0.234642901717,19.0607204755,6.18235798317,6.21337665677,0.0,0.66844310259,-0.536141442839,4.0678881406,-0.15228331583,-0.0206981734557,0.0,448.7398281382908,450.30045483071336,449.7155409995581,448.5052615976889
1.8600000000000012,0.391699167293,-0.269258601003,19.3109256709,6.17381393664,6.21247945525,0.0,0.724212082206,-0.618664758481,4.27137918396,-0.127693829472,-0.00541148710341,0.0,485.51411896247413,486.6598622780301,484.2363363667795,486.0651977422015
1.9200000000000013,0.436594845217,-0.308641732489,19.5698858367,6.16585793709,6.21172782981,0.0,0.772324104351,-0.694845692557,4.36014938522,-0.144853607137,-0.0331862986197,0.0,453.94421754553986,451.70976709533863,453.8173311486996,452.4216671866813
1.9800000000000013,0.484064376751,-0.352211754717,19.8295508497,6.15714053923,6.20963041841,0.0,0.810161517956,-0.758188807291,4.29545495092,-0.146176189795,-0.0387556164619,0.0,404.386087920547,403.88336711685923,402.8428410982997,402.70107481947815
2.0400000000000014,0.534626236232,-0.401074868825,20.0958752095,6.14862877783,6.20721304699,0.0,0.875447436538,-0.871544915937,4.58066678689,-0.134400415153,-0.043547903838,0.0,511.9127501821801,511.5709947834537,510.7191850370982,511.5424985848426
2.1000000000000014,0.588475873076,-0.455732041654,20.3703102696,6.14068175277,6.20463023763,0.0,0.919755769805,-0.951042328271,4.56703993488,-0.128814507367,-0.042063317402,0.0,423.07956779117404,423.20626125673033,424.0197990756741,424.48240446470425
2.1600000000000015,0.644975937026,-0.51520311251,20.6432662433,6.13283050229,6.20159556451,0.0,0.963798334421,-1.03197764293,4.53144691114,-0.135276881663,-0.0789133625014,0.0,417.53105476822014,414.3008884566281,417.530783803659,416.94954491892696
2.2200000000000015,0.704709976914,-0.580640634911,20.9204576683,6.12423301432,6.19662285799,0.0,1.02781499143,-1.15008089731,4.70724506371,-0.168482243265,-0.0922951173316,0.0,484.1660355247835,483.15302536027735,484.5260406821522,482.0046415523365
2.2800000000000016,0.768364640059,-0.653298132377,21.2077259958,6.11549529217,6.19074353951,0.0,1.0945663864,-1.27272482554,4.86732889093,-0.11975154796,-0.112904435009,0.0,481.9865646724731,480.4186068697187,478.80541941737323,482.4789202147258
2.3400000000000016,0.835920893808,-0.733069296867,21.5020323633,6.10898458027,6.18472214937,0.0,1.15788919003,-1.38690284489,4.94224219765,-0.0923196872147,-0.0828196008216,0.0,456.09514551343045,458.4830402434132,455.8474912280594,458.0241404973233
2.4000000000000017,0.907275798066,-0.819614685245,21.7996608103,6.10321872919,6.17971701802,0.0,1.2210375974,-1.49841914246,4.97826341488,-0.104983044325,-0.0846443220569,0.0,445.80115975038154,445.64635649248027,447.05411436296356,446.01299828900295
2.4600000000000017,0.982750570438,-0.913370655541,22.101644831,6.09666710648,6.17457576353,0.0,1.29524537502,-1.6273279639,5.08703148396,-0.119319377958,-0.0878587567404,0.0,470.11732993749155,469.8625479817399,470.25264269783867,469.1306918864553
2.520000000000002,1.06267521608,-1.01481527126,22.4091283115,6.08932496826,6.16955952731,0.0,1.36935365825,-1.75477856969,5.16169454149,-0.129289962522,-0.0762268654505,0.0,460.9891697745798,461.90205042076,461.15644562013347,460.3550181187785
2.580000000000002,1.14713833517,-1.12405120257,22.7210226272,6.08181185534,6.16616492918,0.0,1.44638935679,-1.88707187614,5.23404828231,-0.118122592282,-0.0329190343153,0.0,460.02031012951454,463.43479607568554,461.6513453012616,462.51813379672666
2.640000000000002,1.23660800523,-1.24193335591,23.0399421606,6.0752577735,6.16481909901,0.0,1.53597613427,-2.04290243914,5.39542203933,-0.0956722980118,-0.00703753644334,0.0,488.8567773345921,490.7817512573605,489.98215291558415,491.63901355769923
2.700000000000002,1.33115187142,-1.36875201607,23.3658639035,6.0695576228,6.16469222969,0.0,1.61541977747,-2.18485655758,5.46793490158,-0.0936964600061,0.00625893252116,0.0,464.530077595294,465.57180162187296,466.53468527593026,466.68175943363417
2.760000000000002,1.43059931571,-1.50446148461,23.6972751833,6.06363134076,6.16484702665,0.0,1.69934374146,-2.33925185298,5.57818203315,-0.111575656537,-0.00603895726763,0.0,478.5118245192917,477.5745241178112,480.28146737276467,478.9154742904115
2.820000000000002,1.53445780549,-1.64843191678,24.0301974821,6.0569636406,6.164665843,0.0,1.7626116292,-2.460344097,5.51918107505,-0.110249153632,0.00242245861783,0.0,426.2656475352668,426.9883334851554,426.740929445619,426.8426763076067
2.880000000000002,1.64193308209,-1.79945001967,24.3581197128,6.05025271322,6.16508559202,0.0,1.81988758672,-2.57418965069,5.41177232233,-0.115253745176,0.0148547711161,0.0,410.13603450314207,411.2389232630331,409.62131092908226,409.16361764047286
2.940000000000002,1.75297354382,-1.95768559395,24.680745585,6.04347941949,6.16604626114,0.0,1.88137003039,-2.70093583024,5.34241085486,-0.108537231687,0.0182289243694,0.0,423.16494636288996,423.45528601940543,422.09113431578965,422.65842736392756
3.000000000000002,1.86793208152,-2.12415166076,25.001264653,6.03775264092,6.16676739623,0.0,1.95043215352,-2.84845826063,5.34117485307,-0.0773737220792,-0.00483332426082,0.0,445.22415818099375,443.3327902978699,445.84076603187464,448.37197239170206
3.0600000000000023,1.98695456563,-2.29944377031,25.3211500241,6.03290687145,6.16680938,0.0,2.01694192868,-2.99504020768,5.32139187061,-0.0885834789067,0.00994624721571,0.0,440.28598206791116,441.5073257376768,440.4188135764253,439.48508234669623
3.1200000000000023,2.10974019617,-2.48316728732,25.6380203359,6.02753269717,6.16717321109,0.0,2.07585692589,-3.12959449537,5.24098407656,-0.0916170097243,-0.00312514112648,0.0,421.34253229163556,420.21059335211385,420.4203086195525,420.1501186461772
3.1800000000000024,2.23615019055,-2.6752799272,25.9508712959,6.02228614088,6.16703998221,0.0,2.1377874205,-3.27466556268,5.18723790682,-0.0801876463196,-0.000469791523988,0.0,429.17841707693975,429.4038289218812,429.5403691871302,430.5020685149932
3.2400000000000024,2.36704273227,-2.87790916127,26.266862029,6.01716042714,6.1666488136,0.0,2.2251417897,-3.47997078892,5.34446072333,-0.0987839672323,-0.0227596238124,0.0,497.7810466263849,496.1470394488861,496.91457395821743,495.54390569190883
3.3000000000000025,2.50225540531,-3.09090490256,26.5846103354,6.01119885006,6.1654696565,0.0,2.282033677,-3.62046591986,5.24718177694,-0.100535557411,-0.0140685635276,0.0,417.5735532867567,418.3312138545273,418.05769243755003,417.8958206188655
3.3600000000000025,2.64099512053,-3.31267403051,26.8973329926,6.00549302127,6.16420117877,0.0,2.34267159015,-3.77240008095,5.17676936667,-0.0859906622611,-0.0416021109277,0.0,429.2629619372685,426.9194093933289,425.77475320262647,427.0093864346638
3.4200000000000026,2.78341009714,-3.54370900221,27.2059420213,6.0000460454,6.16166422128,0.0,2.40466549471,-3.9292833096,5.11000924738,-0.102680723604,-0.0436792101588,0.0,429.30793953473466,429.1305797981643,429.17669187917346,427.75000143717034
3.4800000000000026,2.92979035271,-3.78474859981,27.5121533899,5.99437495,6.15924527443,0.0,2.4748263039,-4.10589368169,5.09649358763,-0.0818276389996,-0.0343204725836,0.0,446.77617204652245,447.5378826444685,446.4703162002671,448.1610706760845
3.5400000000000027,3.08073792081,-4.03724064384,27.8199849545,5.99023692988,6.1571202212,0.0,2.55683513392,-4.31084593051,5.16358061903,-0.0511165411126,-0.0377067843679,0.0,473.5098862600051,473.2487910112036,473.82303955832924,476.1750410288602
3.6000000000000028,3.23652973813,-4.30187628358,28.1309479245,5.98670032855,6.15470850018,0.0,2.6363333495,-4.51060869328,5.20105836137,-0.0831253364399,-0.0457040532513,0.0,467.2613420309706,466.63657803133447,468.083605799398,465.5828141642324
3.660000000000003,3.39714800756,-4.57863652309,28.444230939,5.9814937849,6.15237791647,0.0,2.71772404728,-4.71514848044,5.24078284177,-0.0953077496225,-0.0277964802849,0.0,469.46395304601333,470.8509717906358,469.1053943235322,468.15236456534734
3.720000000000003,3.5625015772,-4.8673877615,28.7585230368,5.97531799368,6.15054266201,0.0,2.7941154967,-4.91042090252,5.23491950574,-0.126014095778,-0.0368520436872,0.0,456.6697476986352,455.9463747525025,458.50280231764094,456.0466545223161
3.780000000000003,3.73254090437,-5.16817285561,29.0729423585,5.96751175421,6.14796935572,0.0,2.87395600553,-5.11639139095,5.24478897555,-0.139874934801,-0.0590707429348,0.0,464.91549970889463,463.1698813464268,463.55932100673203,462.4536497627768
3.840000000000003,3.90773725757,-5.48222260697,29.3901158709,5.9599253157,6.14464465813,0.0,2.96608744459,-5.35251734831,5.32616521651,-0.108039946187,-0.0489496965629,0.0,486.99068196834406,487.7455166808236,487.50728416045274,489.86710199745704
3.900000000000003,4.08804665259,-5.80953822559,29.7088760915,5.95387435562,6.14207508746,0.0,3.04436116092,-5.55857123623,5.29843917041,-0.0893798674601,-0.0327651275866,0.0,455.91100931580365,457.20163070102194,455.70959133624956,457.1904399913435
3.960000000000003,4.27271509609,-6.14851262513,30.0234490395,5.94838505293,6.14061877615,0.0,3.11134411769,-5.74121583127,5.18716655691,-0.096075793506,-0.0111725771919,0.0,429.2914647096944,431.1201332312215,429.6744882111052,429.09889335884577
4.020000000000002,4.46198836711,-6.49989697276,30.3350899484,5.94279201611,6.13950381748,0.0,3.19767882386,-5.97209547232,5.19985677889,-0.0880420308561,-0.0406343235885,0.0,471.8691259078165,469.58864630720495,472.12154446358153,472.7343375972784
4.080000000000001,4.65553702238,-6.86315681667,30.6414442249,5.93773333255,6.13683925684,0.0,3.25413969773,-6.13732169482,5.01222607211,-0.0777392483164,-0.053291872776,0.0,405.1655613937392,404.0242012934374,404.9010756170438,405.82058943655517
4.14,4.8527896024,-7.23711046023,30.9383348927,5.93279159136,6.13454022831,0.0,3.32111319066,-6.32845734704,4.8839836976,-0.0937334216535,-0.0184756090053,0.0,425.051030782658,428.02416992691263,426.0798617917651,424.7038668401764
4.199999999999998,5.0549451265,-7.62464917515,31.2328954779,5.92734925963,6.13305661778,0.0,3.41730949755,-6.58994691021,4.93333000968,-0.0852530623269,-0.0417359246676,0.0,485.4587264533783,483.70967094039486,485.8648864187311,486.49427266167487
4.259999999999997,5.26244557663,-8.02700176263,31.5275565594,5.92314878791,6.13049150971,0.0,3.49946880333,-6.82233325868,4.88793816212,-0.0499289149818,-0.0448645279388,0.0,457.9710114593406,457.72108056562945,456.438387907238,459.24551532319174
4.319999999999996,5.47495399647,-8.4435301787,31.8196979343,5.92045825308,6.12838953333,0.0,3.58421951265,-7.06237369144,4.84935803185,-0.0362345198914,-0.0203723898028,0.0,460.9602541404459,462.89160565409986,460.93679167066654,462.01694386322146
4.379999999999995,5.69231562895,-8.87400688902,32.1079568598,5.91810098131,6.12738259376,0.0,3.6611707175,-7.28738557034,4.75890683489,-0.0462244967075,-0.0104268554099,0.0,446.01403561271104,446.8258871391224,445.77836792495776,444.9602460468755
4.439999999999993,5.91411397506,-9.31769571048,32.3896644082,5.9148144405,6.12738082696,0.0,3.73206940404,-7.50291619224,4.63118349815,-0.0833585984811,0.0152654860835,0.0,433.62334244681267,435.77699617067054,434.5733594368452,431.44586557902613
4.499999999999992,6.14067100182,-9.77566405364,32.6667721398,5.90994209685,6.12889794334,0.0,3.81952298303,-7.76330436176,4.60476645476,-0.0772168907218,0.0401589534683,0.0,467.90051417542776,469.8351275176127,468.2142793567092,468.6870203765531
4.559999999999991,6.37200271551,-10.2484358147,32.9396952414,5.90493903985,6.13110521034,0.0,3.89124610659,-7.99654362663,4.49228261708,-0.100055778337,0.0290116311991,0.0,442.7856735980316,441.8679918903879,442.373568963117,440.48230432904114
4.6199999999999894,6.60762134604,-10.7354599751,33.2060149794,5.89921087776,6.13268799284,0.0,3.96245745382,-8.23843222674,4.38448537075,-0.0875964828463,0.0205150494237,0.0,444.70505942309757,444.00846494853573,444.2398804178724,445.25283357962724
4.679999999999988,6.84705676953,-11.2361541605,33.4632562426,5.89397841856,6.1341301936,0.0,4.01861045369,-8.45236944026,4.19024916144,-0.0864416372934,0.0302838953726,0.0,414.6072952535669,415.46509767201655,414.8819023420054,414.9764355235468
4.739999999999987,7.09045064217,-11.7514527517,33.7126516072,5.88931689662,6.136729195,0.0,4.09415015355,-8.72501781659,4.12207533349,-0.0642906782487,0.0613396295126,0.0,458.19475576645135,460.65868924009123,458.3660641197753,460.11876667455664
4.799999999999986,7.33777044232,-12.2819016522,33.9545166607,5.88536425382,6.14067114967,0.0,4.149523323,-8.95762848403,3.94008613614,-0.0692544677165,0.0732353491153,0.0,420.9749474989138,422.0067809668867,421.47189005207116,421.0390291570463
4.859999999999984,7.58913157112,-12.8286598553,34.1905474434,5.88116510394,6.14465134297,0.0,4.22853162069,-9.26833689474,3.92638197797,-0.0714894023896,0.0466635045716,0.0,480.3132152032827,478.2959707533803,479.0353049268191,478.86193377019003
4.919999999999983,7.84483602822,-13.3934177705,34.4236620321,5.87704139809,6.14747855834,0.0,4.29454700584,-9.55777818333,3.84325250292,-0.0637130952163,0.0480181751988,0.0,459.7697036854695,459.87829951876546,457.9659685708659,458.5808373342075
4.979999999999982,8.1037795289,-13.9738546175,34.6472966307,5.87325244087,6.15064406156,0.0,4.33669979094,-9.79133773776,3.61140424664,-0.0620453736401,0.0608610836824,0.0,406.8925268115789,408.0431386568852,408.43287235469586,408.57836275773275
5.0399999999999805,8.36649573733,-14.5724338051,34.865960376,5.86942365314,6.15408465728,0.0,4.41979844291,-10.1618577008,3.67543809488,-0.0676044422369,0.0491721756453,0.0,507.9883172775629,507.151010023043,508.1821702577785,507.7810114612867
